505
319
980
942
839
124
198
549
901
199
101
713
804
867
678
367
985
135
704
634
461
392
772
896
812
337
799
466
696
190
542
912
858
433
533
378
821
931
515
556
263
580
334
281
292
502
382
568
536
588
9
212
417
424
195
653
287
697
319
484
609
171
838
739
126
544
58
43
412
557
264
447
808
528
473
110
283
29
723
14
468
600
168
604
568
476
739
648
708
282
458
44
34
158
972
357
727
699
657
883
56
598
936
67
324
688
369
587
395
532
48
605
257
481
490
837
70
378
584
381
173
217
541
783
367
410
909
442
636
979
596
70
989
281
120
658
208
862
499
581
753
375
217
721
850
322
659
587
951
837
582
999
624
40
259
89
652
172
60
942
622
534
783
633
463
836
394
169
432
280
387
600
129
466
163
454
443
63
503
988
623
576
177
884
457
798
378
693
948
840
980
85
731
967
888
248
49
665
331
93
366
497
997
919
983
8
944
240
209
373
81
393
89
120
342
143
355
156
388
256
213
642
771
275
839
274
80
254
865
973
648
720
681
782
692
22
519
46
421
547
263
687
141
977
43
360
56
140
530
215
405
837
809
262
301
957
68
388
246
295
578
603
812
176
906
730
813
378
877
624
479
132
289
881
65
461
839
126
675
599
139
388
650
65
942
103
708
789
313
432
236
296
335
33
691
735
911
233
875
287
325
722
217
589
756
584
415
36
475
996
603
20
849
503
463
192
790
370
269
552
607
306
999
837
365
521
825
811
451
399
980
120
899
288
343
123
788
526
684
520
793
359
684
263
361
810
328
252
86
139
189
122
540
854
219
977
721
712
330
815
979
345
601
578
562
341
477
370
867
1
643
133
582
955
250
37
22
203
600
652
746
134
863
415
588
65
715
536
469
98
315
910
122
937
129
448
520
934
768
734
312
189
889
96
662
420
650
72
916
405
60
906
774
198
311
292
594
278
300
64
494
394
798
478
181
302
246
454
175
239
658
316
572
884
234
828
509
429
966
925
640
836
239
218
742
768
81
355
234
57
265
906
40
854
33
762
591
89
709
538
876
28
673
870
197
972
809
350
519
971
388
336
789
749
982
753
782
801
673
841
456
847
399
733
807
304
567
285
348
640
561
461
676
576
56
9
382
480
499
618
456
682
7
213
247
627
541
147
505
994
139
163
74
50
450
154
606
885
636
917
161
134
391
798
745
536
667
266
236
733
900
3
596
606
507
769
187
378
143
715
29
66
204
779
921
248
174
336
107
696
372
885
801
223
139
54
696
304
790
563
762
438
551
77
54
963
749
278
53
326
153
549
740
75
95
895
467
77
366
465
433
791
451
385
297
840
1
660
317
468
845
498
77
519
529
990
52
100
239
697
240
644
999
14
116
98
711
665
43
356
887
321
371
836
262
660
212
4
252
554
452
159
124
729
992
996
349
863
472
454
151
199
16
287
341
74
815
307
858
527
934
880
908
781
270
828
696
156
822
103
744
932
648
319
912
366
719
682
897
30
304
637
815
970
769
19
766
668
346
690
292
611
567
944
26
584
247
363
388
308
732
469
83
543
415
622
684
683
407
203
127
31
670
477
469
175
89
53
318
681
897
235
351
355
322
741
373
151
488
308
656
704
681
723
783
303
20
729
804
22
739
438
91
997
207
1
236
587
409
960
795
604
88
993
296
953
852
101
352
974
758
389
288
308
794
820
97
239
362
379
244
369
960
44
850
677
271
615
249
968
719
200
95
90
355
665
988
771
609
691
376
744
461
632
494
444
666
924
764
571
446
514
40
178
369
99
592
954
26
569
710
836
846
89
934
790
974
527
566
779
531
715
633
945
681
802
199
324
301
760
557
120
165
352
476
756
58
310
233
729
348
979
449
81
379
216
742
845
589
302
10
951
889
514
686
366
766
158
248
816
888
306
680
386
625
442
821
410
136
921
96
814
681
379
4
749
817
648
841
123
83
788
924
610
204
523
868
299
664
722
356
444
607
681
200
124
311
148
270
2
62
665
962
596
117
627
21
139
892
405
411
530
142
939
144
48
354
138
911
899
450
824
463
757
740
838
930
187
619
90
850
599
473
400
194
143
835
953
359
62
529
148
922
729
264
784
347
564
918
68
906
475
778
741
645
221
877
631
42
450
929
151
183
245
708
748
534
244
953
942
510
132
675
351
616
250
359
319
407
644
53
107
562
398
698
21
18
305
598
631
243
822
517
792
609
944
532
353
727
942
489
129
255
440
775
236
953
385
253
411
762
571
802
461
435
297
520
260
314
325
